id,SalePrice
1461,80014.62501468271
1462,95632.03870886988
1463,121172.4937456146
1464,129860.17033836676
1465,122667.13543032424
1466,112697.04011726836
1467,112086.95650977787
1468,106065.71195627877
1469,119989.89918517941
1470,79688.09091068084
1471,126982.58749527033
1472,62635.65601767064
1473,62581.08243924672
1474,95902.82822129398
1475,74095.75815228617
1476,238136.38253162935
1477,158335.9109465764
1478,179826.18687203727
1479,176476.30812261553
1480,333970.4178115141
1481,201772.191656247
1482,133392.38534069702
1483,113233.42017040055
1484,108119.30931561626
1485,117916.8332350098
1486,125853.99417743874
1487,220150.97020577494
1488,146489.37556388954
1489,127515.18380563741
1490,148301.80388096443
1491,125785.94143824109
1492,60073.82816888226
1493,121140.19843004366
1494,192581.15892090218
1495,183783.60250978288
1496,154288.8628586513
1497,120245.20220205103
1498,108090.99432486462
1499,104863.55319047793
1500,99234.9737512429
1501,112350.12304422217
1502,95272.6031276628
1503,191777.2819070124
1504,158026.5473269025
1505,146891.55253475017
1506,121281.10058869922
1507,161614.79873471978
1508,127902.03185883173
1509,106712.62132349888
1510,94607.44112371067
1511,96964.86158030236
1512,113102.63083693794
1513,94961.65681314359
1514,103881.0994645408
1515,129902.0019836149
1516,98484.13329327104
1517,106409.91950586872
1518,86001.61269142668
1519,143166.47905367316
1520,85181.53483099415
1521,85985.10344290729
1522,113276.29470402192
1523,73576.51480426402
1524,79109.6721584103
1525,79268.81188585916
1526,74882.48388113781
1527,65838.30583012987
1528,86865.80723768222
1529,96404.3796706634
1530,111370.72410102775
1531,69625.08315832759
1532,61975.725900000616
1533,94524.69036951981
1534,78982.42724406894
1535,97772.75201179528
1536,70561.31122198209
1537,40999.97870823159
1538,98445.33662718063
1539,118100.78663657854
1540,60372.16605154329
1541,91906.70265686714
1542,89187.19950210264
1543,128301.24790794021
1544,51515.16792335914
1545,73811.28602792119
1546,87217.7822575079
1547,86021.36204733221
1548,87872.22985431005
1549,76002.06363587703
1550,88380.37829267525
1551,72934.82341574246
1552,90524.43509189582
1553,93257.62423544234
1554,74688.23574976243
1555,105864.68730247769
1556,54374.73659639769
1557,67861.84719935601
1558,64804.9124377087
1559,41237.63224883529
1560,85606.37200235516
1561,88676.80045800093
1562,82975.92253255573
1563,76151.76150027072
1564,102528.39696997507
1565,96622.8311547385
1566,151824.31288153213
1567,48269.24461483781
1568,147646.33605775423
1569,87541.007936017
1570,88896.17403403322
1571,76957.08962843819
1572,95757.46297420976
1573,156345.71098606312
1574,73821.85865887399
1575,147032.42301420157
1576,161950.37204084435
1577,122650.66005147004
1578,93194.3746910122
1579,93758.3778893312
1580,127147.82971146618
1581,101727.12247178236
1582,82293.44051061891
1583,201023.2933390456
1584,145425.5198890978
1585,90557.5186722173
1586,43181.979810652316
1587,65001.07309641855
1588,97844.04269385718
1589,65767.30483722204
1590,84857.72679030296
1591,58553.52071016008
1592,75617.19669547064
1593,79195.01885418237
1594,80325.44600475843
1595,67116.41285844415
1596,147317.5227982465
1597,118838.25451114826
1598,138583.03417361167
1599,114294.02716276268
1600,112862.53658556344
1601,42061.991744117186
1602,79720.50761535444
1603,48415.24348418836
1604,169561.99587887642
1605,157197.66154428245
1606,109680.0575146963
1607,104478.33147600704
1608,137960.85043456606
1609,120616.34997312316
1610,98056.16755523012
1611,90617.50067720607
1612,110406.99028066942
1613,109053.56672680423
1614,78119.93889947643
1615,57822.31275506997
1616,47554.04494359861
1617,58908.990327509564
1618,78013.34186664173
1619,90981.61548834344
1620,99977.91096959193
1621,90770.8912625604
1622,90961.20494923626
1623,175037.09368366137
1624,140597.86870160812
1625,78202.36301935092
1626,107629.15087983632
1627,124674.29156502485
1628,176946.47697130774
1629,115774.2962199251
1630,226112.804805514
1631,140973.0710025287
1632,155039.8774106883
1633,110620.87317020184
1634,124488.78215650597
1635,113947.70092847965
1636,99601.30767336523
1637,127097.97038016768
1638,121936.46030951681
1639,117509.86987828976
1640,165250.62534652947
1641,114864.9121710702
1642,148982.91301167774
1643,142649.76194227434
1644,152365.5236240291
1645,132506.59743820725
1646,103884.89500908743
1647,102381.78333521662
1648,84342.34960014823
1649,89696.97930305646
1650,73604.72518136204
1651,77320.092656866
1652,63481.44383929095
1653,62689.46713213261
1654,94336.46416654316
1655,89945.717055729
1656,91951.73131361965
1657,94690.19216499617
1658,94067.59540533055
1659,77455.20851245988
1660,101824.76585493484
1661,294679.88562923786
1662,258092.3406430044
1663,257619.51999143913
1664,319390.738288987
1665,189000.68660460127
1666,203543.76063853363
1667,233962.02839483562
1668,223625.62175442363
1669,189959.1795070741
1670,232567.34813834773
1671,169998.85842595008
1672,287653.6571475225
1673,194414.11837611167
1674,156204.64167495578
1675,122275.38719911771
1676,123648.6752331156
1677,143567.6413057521
1678,309748.5488099411
1679,239641.67880137695
1680,220699.25940788374
1681,161553.1571132079
1682,195077.91815153355
1683,112091.64689753749
1684,113035.3562331875
1685,111566.25576400233
1686,107194.49206062352
1687,109049.8200484482
1688,123031.52974866795
1689,128479.17116229382
1690,127682.35805575293
1691,118862.76824892123
1692,173094.68363400738
1693,108784.17549935164
1694,117439.01457100756
1695,106584.95573930931
1696,177836.728290656
1697,108878.92200551475
1698,236598.1084515725
1699,211682.4061541999
1700,163053.8184469699
1701,171157.7196052312
1702,156169.1395236086
1703,153364.9777390898
1704,179241.55836336254
1705,150316.45879399116
1706,279516.87040569994
1707,137455.6924858397
1708,129511.5897308081
1709,180477.8633990771
1710,143471.63156350667
1711,167073.74012342648
1712,162158.88320536754
1713,173987.83726483412
1714,143920.45473654798
1715,135998.96772398235
1716,116215.53157545382
1717,109043.41066851784
1718,84248.58658165178
1719,130365.29794543126
1720,156823.19391191404
1721,105691.26505586322
1722,77960.07132504667
1723,98174.74877213426
1724,131952.20009342863
1725,150640.47868547932
1726,121329.8526491233
1727,101875.1021598102
1728,111183.73125772778
1729,109571.38420037445
1730,101470.15879772765
1731,75743.92519576733
1732,85479.78053150547
1733,76194.80506277323
1734,77028.47657563491
1735,85311.66488364329
1736,73005.02976040778
1737,201769.262889149
1738,152525.12450499242
1739,162511.00763612072
1740,138202.44108327807
1741,129388.30737483379
1742,109748.50114055662
1743,113798.04421240438
1744,194115.2531022324
1745,140308.76650298262
1746,121854.07802115759
1747,142969.07824585028
1748,141782.2000247722
1749,95236.14427972084
1750,84238.39996026384
1751,155226.73920229785
1752,75838.48151032582
1753,97050.36786701837
1754,124189.56016704132
1755,108296.35877268412
1756,79722.02741747731
1757,79079.5091344205
1758,94174.39770958002
1759,104919.8211124853
1760,105783.2233449166
1761,95180.48918344127
1762,114738.51198616531
1763,111908.89029364273
1764,75126.21327348248
1765,98138.01087624644
1766,118904.45036904005
1767,141717.34501655566
1768,95487.44971979976
1769,112848.63193037655
1770,98201.79241372492
1771,82431.46893716662
1772,87113.92336092067
1773,81360.18495044846
1774,86453.2214285355
1775,90507.47898252767
1776,80657.02285895684
1777,73844.14624998634
1778,90404.22020960168
1779,79027.51762181894
1780,112334.71814915097
1781,84471.93833914565
1782,58413.17342591984
1783,91773.89431315311
1784,71166.86190158362
1785,75399.66626240872
1786,92295.27745050158
1787,106439.72611018154
1788,34426.82336688771
1789,65698.31051254172
1790,50126.05769041175
1791,117972.01936245272
1792,102663.56084993825
1793,85354.91799537283
1794,99310.69217763616
1795,85148.8009974298
1796,77785.25288357497
1797,76585.41528288354
1798,79051.73705637806
1799,71302.16524254435
1800,88054.99740569116
1801,81910.91596762856
1802,87443.55102851981
1803,96784.62911455809
1804,91962.49334828924
1805,87964.1437527266
1806,76859.75566476972
1807,83955.5656619482
1808,79932.39714913847
1809,77443.59290401012
1810,91549.27870416529
1811,59096.71360754694
1812,59216.06948577207
1813,81777.34540841893
1814,62387.363633810106
1815,33618.02278152024
1816,66834.13767275536
1817,70276.05676841472
1818,96463.04418351557
1819,80180.1259599636
1820,31777.50746139752
1821,72813.53352090888
1822,95131.9974041316
1823,25594.07631272845
1824,83048.00995579566
1825,89147.29305232585
1826,67847.00892929234
1827,65101.96281023744
1828,89362.88045966232
1829,80120.73421901354
1830,90561.4029198217
1831,93242.84784233583
1832,51076.97610572017
1833,91503.10142436795
1834,78334.49457467085
1835,77539.64447204584
1836,80829.92413872527
1837,52860.71453760222
1838,82197.815592608
1839,59104.293324497594
1840,99755.81708808635
1841,90315.8711177275
1842,54461.2313218303
1843,88621.74785385738
1844,89904.16601166963
1845,88033.92396075223
1846,99404.97419589614
1847,107377.95627604602
1848,33318.86720811141
1849,71538.98745766815
1850,76657.05391413992
1851,99919.90880942967
1852,82074.3634685032
1853,86026.1022540021
1854,114108.81715066424
1855,93145.59715900483
1856,141745.41023880852
1857,101864.58232341314
1858,88579.56569834439
1859,76562.49873084102
1860,98080.50639441388
1861,76701.43444121155
1862,203808.2613598945
1863,191646.82150222262
1864,191668.6136968735
1865,218607.61501071232
1866,219358.01399682643
1867,151546.85860277453
1868,199236.5618802518
1869,131829.42496042425
1870,149878.1115439382
1871,158452.37202707562
1872,113536.61532780106
1873,153752.88432459635
1874,97833.41738238509
1875,130249.0555486452
1876,126106.2379831395
1877,136306.68283849867
1878,132777.9214556737
1879,82482.45244683305
1880,87106.63794608843
1881,154540.96184126684
1882,158033.1157351947
1883,121942.89995299198
1884,134269.49113970334
1885,158570.37812226184
1886,193673.27442032486
1887,135372.23856393833
1888,175310.79927571138
1889,106198.08446044914
1890,76124.80665068387
1891,86757.22096131698
1892,64151.42483402419
1893,82608.07996814848
1894,81448.82596184594
1895,86210.88745023494
1896,80789.34365717215
1897,75066.71629727306
1898,72917.65436870824
1899,104351.80263832294
1900,98194.3316776904
1901,113268.12300641698
1902,89481.57198600707
1903,135212.70604351303
1904,91232.56012332934
1905,128253.85586131288
1906,98722.32803979766
1907,135619.35767503062
1908,72141.04567711943
1909,84721.9918793901
1910,77268.66898283148
1911,144913.80959074027
1912,201690.3319309926
1913,93432.69047593513
1914,34124.57616568677
1915,196248.92004972306
1916,42796.30398399196
1917,165206.40133856615
1918,92468.68910396905
1919,114301.50660646753
1920,98762.62840263039
1921,260180.7359438191
1922,204261.71888996562
1923,141844.5204784363
1924,149220.41084872867
1925,129942.83075863612
1926,252557.37134772015
1927,85621.76717392466
1928,96713.68362228373
1929,78752.25290937837
1930,87524.64758511349
1931,95230.09735798925
1932,92117.5686437288
1933,120087.24428821207
1934,120102.82470710075
1935,109354.76391162936
1936,122406.6424048609
1937,118437.68667722734
1938,111398.27442773199
1939,152984.12807285564
1940,120752.91173583534
1941,112443.87369267686
1942,117227.54457550176
1943,131809.88736735051
1944,225638.1884430262
1945,259415.0145853752
1946,89060.05467726417
1947,205618.4882645152
1948,112828.25176449359
1949,163157.74547614384
1950,122743.92478520732
1951,165858.89843232848
1952,130225.88007090858
1953,107509.34703233418
1954,116118.83774979736
1955,89238.07711800648
1956,178313.36692512693
1957,98764.11438699387
1958,200646.02331810596
1959,90084.97936570112
1960,75160.65620492189
1961,78031.74930482116
1962,63200.64507320721
1963,67985.56862356939
1964,69161.9241177066
1965,94627.33725112729
1966,90081.44210300737
1967,189501.3142888411
1968,267024.19456432376
1969,249270.06504681797
1970,274975.0321796579
1971,289885.32663998735
1972,246600.15964223765
1973,170052.01075421192
1974,208939.5907790428
1975,329618.015239976
1976,177206.15506304236
1977,227752.2743316947
1978,207774.33067810116
1979,219014.172988844
1980,128926.15717897956
1981,230954.3392962595
1982,140771.42944679697
1983,130894.87267974095
1984,107256.11216933436
1985,142819.72454700177
1986,140322.39736689162
1987,112004.63782725178
1988,113531.71327377451
1989,121771.21730539793
1990,140875.0956016383
1991,159031.47659096733
1992,138979.43631903135
1993,106477.79228548358
1994,149333.55837905884
1995,120283.07987555291
1996,159702.08454725164
1997,199212.995149293
1998,211306.71309421508
1999,171706.1891885072
2000,201161.80806759375
2001,174702.91978834622
2002,155458.76509750605
2003,167354.7677774338
2004,178940.12760788406
2005,142738.90590739503
2006,149496.70895636137
2007,157273.4153304899
2008,144731.22654300206
2009,126090.9381688011
2010,126030.17461378065
2011,87159.21439789228
2012,113074.67905377227
2013,117897.2535847427
2014,120597.76937948444
2015,133343.21746019903
2016,125176.73575879834
2017,126926.99875649964
2018,75059.32792737846
2019,84773.2504351216
2020,68992.00383121075
2021,69033.0493590688
2022,117741.00717354394
2023,94492.4112311451
2024,170938.36319647462
2025,225030.13821480004
2026,113280.87498858973
2027,102480.0461862558
2028,98235.07893339432
2029,108859.64458024694
2030,177993.2283584744
2031,152426.64354979421
2032,164335.52253111382
2033,167349.79443947098
2034,107346.09746803227
2035,136049.81032432968
2036,128789.15579325793
2037,130414.9049586762
2038,214592.29621061648
2039,148222.79286117293
2040,178192.87177760416
2041,193499.88429993953
2042,133880.0202636105
2043,113331.52975666191
2044,109521.45063975887
2045,136213.54132995103
2046,91165.20565826359
2047,97091.31575649911
2048,93197.76773738465
2049,86537.20807183273
2050,114193.20934580639
2051,70167.47480136792
2052,80834.62191716876
2053,96203.51033051776
2054,56246.76309436329
2055,106436.08576445054
2056,92123.02447907161
2057,74702.46678675935
2058,147597.00996876732
2059,85079.87048249492
2060,113417.79502644498
2061,115376.83824977308
2062,84336.48339431343
2063,74996.35743493821
2064,91466.4501938032
2065,74980.97909088545
2066,102966.71576684914
2067,71837.73437703092
2068,91180.73391630355
2069,55637.32008934724
2070,73505.57522847917
2071,60689.08472460435
2072,82321.91519624536
2073,86196.77595231589
2074,119360.72814328189
2075,92999.75566143464
2076,78757.58708699599
2077,100550.04153824833
2078,84167.68193838524
2079,86725.19474516151
2080,75155.332523209
2081,81480.2580278431
2082,73197.62522463025
2083,95781.49753864147
2084,70963.3852266736
2085,76046.1494648413
2086,76511.43361615835
2087,77749.31480783243
2088,60454.9064443021
2089,51652.19173567192
2090,81552.30109400273
2091,72437.73055417594
2092,80123.44806499325
2093,67268.22315861822
2094,68911.91791841542
2095,96861.5888576741
2096,51183.17703608361
2097,61660.694444943685
2098,93994.16805934074
2099,31914.228927043583
2100,51881.7437838661
2101,74083.79057863016
2102,82415.77094487581
2103,67824.61336973177
2104,85953.05619795594
2105,81482.36170464885
2106,41328.55658152724
2107,127178.9168726503
2108,73568.59510475869
2109,69554.2784422684
2110,85132.83393168719
2111,90564.2592281744
2112,89556.84725520886
2113,77621.26422195116
2114,75029.43542118801
2115,104875.58569143814
2116,76357.29666333093
2117,98208.05224902541
2118,81905.01416237613
2119,70122.9579017447
2120,74325.1207524181
2121,53937.53418699993
2122,72655.46660132633
2123,55625.62611912782
2124,102542.40572461902
2125,84048.10111439065
2126,96382.9942616411
2127,100573.64139122916
2128,83819.90395936463
2129,64727.942765981985
2130,91551.15158541725
2131,92001.11522420781
2132,73115.39608654565
2133,78755.38746248548
2134,79013.90408697352
2135,61845.05490702971
2136,49733.91039239269
2137,70294.37586896824
2138,86377.3102526209
2139,96768.95053153383
2140,90901.8172254486
2141,99188.05234798606
2142,83896.60470033933
2143,93890.1569828967
2144,78744.59013703992
2145,89661.32224859578
2146,107825.49097321898
2147,94118.50982721562
2148,85818.74052751006
2149,98665.2654953531
2150,141478.5972562079
2151,72580.01610936476
2152,108284.12773646487
2153,107472.66923049878
2154,67199.68043160514
2155,92046.9005627432
2156,168709.00087942812
2157,149354.73968821327
2158,150802.34902702094
2159,137699.86460181812
2160,113979.32219195439
2161,154420.5763655031
2162,237509.42815542367
2163,228554.8735299548
2164,161182.1991754483
2165,129076.13621198072
2166,100650.22380989054
2167,138479.88081699534
2168,125301.15771187586
2169,127527.58287962497
2170,140985.70421410582
2171,101861.91027576166
2172,86201.48722393648
2173,106305.56809010837
2174,144614.82829137216
2175,203178.6290422997
2176,199496.02784248986
2177,154373.20446941943
2178,136204.79313900825
2179,89883.27966394306
2180,150090.1284194915
2181,125090.49035604404
2182,147130.06750027122
2183,122977.24904504705
2184,80074.68753336917
2185,77811.61235753693
2186,95766.97954909908
2187,101136.28203730124
2188,99837.92458269071
2189,168304.16096414436
2190,51665.44978544857
2191,53108.94903634057
2192,57214.34379923799
2193,62941.938826005484
2194,64960.57101175764
2195,69831.72817887187
2196,67887.45650947539
2197,74150.53188680188
2198,101047.95797162698
2199,115367.09465813724
2200,99876.6823360103
2201,89810.89555568078
2202,139350.03333735594
2203,93545.01090233833
2204,113230.91833524796
2205,73983.55701659739
2206,87996.07298486089
2207,142386.75735101753
2208,167721.960997456
2209,157052.9193147538
2210,78448.1279295364
2211,73696.70926422012
2212,77431.38050900244
2213,67242.55494768603
2214,90445.44558236601
2215,66573.83403309985
2216,95839.17091501752
2217,46529.94932073017
2218,44678.6627057855
2219,41012.3150591371
2220,39023.643412478734
2221,198076.90598123148
2222,169018.49319258507
2223,184006.59445284895
2224,135567.64155376438
2225,78157.19375465254
2226,122297.04390242812
2227,134817.9082902708
2228,166796.9621135626
2229,161267.45853434713
2230,99847.41055585042
2231,141361.05725792074
2232,119819.87510120674
2233,121489.28867799784
2234,159134.9744061621
2235,141134.59779149177
2236,169366.72871223377
2237,214215.3754544441
2238,128744.09125384968
2239,69017.13005152899
2240,100710.45602952334
2241,99759.6389976655
2242,81084.90266403671
2243,83360.26841183142
2244,65640.41504677491
2245,65176.92354353402
2246,91867.83606253668
2247,69426.5137434586
2248,81051.10625858202
2249,78005.94981523279
2250,86510.93474946397
2251,73194.10693885025
2252,114261.98385436332
2253,97546.1401517424
2254,117357.05418881358
2255,122494.00441678421
2256,116227.2239347379
2257,131969.60094192936
2258,103148.63535351434
2259,113202.75138945632
2260,100257.15981936255
2261,123397.32638966147
2262,132582.06975627632
2263,242783.75322052388
2264,320493.95940393006
2265,115719.61509990935
2266,197822.83635157422
2267,236550.0103583053
2268,273703.83835970063
2269,96871.74360418625
2270,126952.25074756524
2271,139293.119560618
2272,125645.02383170734
2273,108192.41589128211
2274,115467.05866382454
2275,101169.92941847596
2276,121703.44102806532
2277,119905.72267612876
2278,98177.61055245917
2279,76767.31406333428
2280,74329.09024755067
2281,107986.3026756008
2282,123606.21181083244
2283,68342.80770754328
2284,71407.28104916686
2285,88404.0226102684
2286,79183.1504228661
2287,236686.305426519
2288,172102.66183838557
2289,239338.740838632
2290,294978.26674672286
2291,203024.83127086176
2292,277979.30220130284
2293,310339.17602106003
2294,249124.85351543353
2295,309901.906031171
2296,182785.212359805
2297,207249.9726489784
2298,197131.59278962985
2299,234002.34249710382
2300,211160.68487568054
2301,189387.13746349103
2302,159576.99474204492
2303,155185.54236355383
2304,156470.58806035775
2305,121005.4088656953
2306,120542.22214216914
2307,125533.54901506007
2308,144518.01716939887
2309,180639.81273258626
2310,134659.69510996738
2311,124514.06547404281
2312,115158.72897183138
2313,111557.13043825584
2314,109844.13524111042
2315,114571.31301046276
2316,120468.01671795448
2317,117698.77130717892
2318,115789.79019236902
2319,114875.40907145033
2320,120266.26894002507
2321,150867.11111412174
2322,109833.67981345212
2323,120673.38289213965
2324,113107.42731949061
2325,134884.9614032622
2326,109613.87044577516
2327,134412.86877082454
2328,148802.24275835423
2329,121630.00938791761
2330,119042.70579022793
2331,225876.8453113869
2332,248426.37051973917
2333,207947.77070408742
2334,163214.52247907154
2335,173260.33871457048
2336,207014.42359868545
2337,131171.95918567904
2338,172547.05514403788
2339,138718.0580559385
2340,257737.4890798101
2341,136602.00084814022
2342,148879.39895558756
2343,143381.58510175545
2344,135613.91035010657
2345,149395.5429481792
2346,138274.71181261822
2347,126453.49690903422
2348,153951.36184349205
2349,113720.13172720198
2350,194670.15532003695
2351,165450.57352757108
2352,158057.4430042629
2353,159480.71910387313
2354,82216.69118927569
2355,89097.9415639808
2356,99398.67827436226
2357,121074.9709512133
2358,127235.14373053695
2359,85159.78815849194
2360,74341.24360091775
2361,93155.90144346838
2362,175505.93215367183
2363,90053.47020288931
2364,101982.52255134971
2365,139292.53255495557
2366,127561.9919931055
2367,145629.95170679415
2368,134937.55222355167
2369,139069.49790106792
2370,110667.49246432321
2371,106940.83125733567
2372,123998.83836009311
2373,188371.88771757155
2374,207722.32958690042
2375,164620.3797523314
2376,179723.6741069485
2377,228117.24708704546
2378,90613.83389143301
2379,126946.72305706175
2380,97181.75639236388
2381,106251.76091779875
2382,131076.6341612726
2383,130273.82502029426
2384,162945.44608022005
2385,103953.86090453737
2386,87779.78206130955
2387,88062.59642066131
2388,65107.604018835525
2389,76134.06267493803
2390,96104.90525367431
2391,93248.86190202473
2392,74006.23577677259
2393,108484.8412360549
2394,92517.03905132752
2395,131226.98639693003
2396,90869.16857099376
2397,140978.3632545447
2398,87015.17801864928
2399,39013.0743602586
2400,37040.53772843355
2401,73312.81485800297
2402,90519.71471176133
2403,92611.17828803821
2404,95463.89351079245
2405,104143.92514720983
2406,89856.08025086959
2407,80525.05469055072
2408,94066.49116576166
2409,78287.22057861641
2410,111566.25085266761
2411,76427.09514451821
2412,99820.0979645362
2413,85133.2156005502
2414,95053.24741488221
2415,85931.60855718318
2416,81342.18635383909
2417,85089.68087814288
2418,83437.03425013706
2419,81668.8544854678
2420,80789.95837148026
2421,98231.40612809714
2422,70596.9343341766
2423,76910.06690569225
2424,102083.41494917788
2425,116569.68692058983
2426,84880.45141042773
2427,86443.28688902472
2428,116282.62684088355
2429,73903.84992636535
2430,86917.3200979318
2431,68809.9987498812
2432,95060.72856970981
2433,94336.55553502771
2434,88235.14935489681
2435,99872.30713591335
2436,70540.03375226421
2437,68543.9535442191
2438,82249.64105134108
2439,71880.17103344276
2440,78168.89617373684
2441,59065.2013441961
2442,57986.68162906247
2443,79111.73870097214
2444,84373.37915477518
2445,54270.94972047719
2446,85216.14093189684
2447,115328.32962814951
2448,86138.81011395385
2449,72570.61986175837
2450,95878.18929453798
2451,76790.81944434078
2452,123432.19879971445
2453,57786.853217096694
2454,79543.45039115197
2455,78216.45937577689
2456,88399.31387756953
2457,85298.97318246355
2458,82626.68035100226
2459,72604.37042226378
2460,86241.54713694945
2461,80506.30319031842
2462,88840.10978749543
2463,80898.20668200203
2464,107460.65813001897
2465,94004.70352597939
2466,77181.31015913672
2467,85184.95961065135
2468,52241.614817791975
2469,50134.46374859326
2470,125839.32303816712
2471,137521.0627521914
2472,106053.82250789864
2473,74538.19791177943
2474,53455.21160468834
2475,138508.74732314152
2476,73697.54197241196
2477,82927.33922455134
2478,98911.82316612892
2479,65865.11204529073
2480,97752.47102796342
2481,78244.1136755932
2482,85233.27150160712
2483,72391.09945825663
2484,78933.7934443696
2485,81218.93374054451
2486,100650.59280924361
2487,121071.87636348579
2488,103401.8554661172
2489,95399.9988228892
2490,95312.0896257519
2491,61126.61435969196
2492,122244.55737979364
2493,96266.26302326492
2494,96578.83817501727
2495,55730.559140169076
2496,154501.65600194433
2497,97479.42231620781
2498,70872.17801781498
2499,58954.877865719885
2500,83048.80360546938
2501,88319.3619641947
2502,95489.45138147098
2503,63502.03959387883
2504,115729.19257941406
2505,145210.95843399595
2506,165157.6859646053
2507,173627.61887510112
2508,163017.65022373386
2509,138514.66987947887
2510,140588.9167254843
2511,112844.23950023626
2512,132252.18544746414
2513,144420.7648571803
2514,158043.5855676412
2515,100699.05399186324
2516,111963.84604739296
2517,91950.75503780817
2518,98939.49532328722
2519,148074.65313377915
2520,139969.55757351225
2521,123342.71341405784
2522,142185.24133533982
2523,81033.20307617736
2524,87040.75994278121
2525,97144.55811299842
2526,89122.30837630198
2527,73562.8015303606
2528,85049.18531301177
2529,81681.36941619123
2530,79358.7810083628
2531,165340.20599211863
2532,146912.17872783536
2533,126048.1683759744
2534,147951.62039640863
2535,200068.94664730027
2536,157896.69664580096
2537,154147.17077760314
2538,117510.89641566404
2539,124877.51238034293
2540,114344.49636637483
2541,117644.78563126942
2542,107075.87973898505
2543,80719.32828053358
2544,77549.96186796046
2545,87454.44280285134
2546,81901.98539650546
2547,89947.01991153731
2548,97144.34926935312
2549,100014.64379741269
2550,521045.14284137584
2551,90546.62619429154
2552,82405.39038052277
2553,49141.86354903642
2554,60774.19819679401
2555,77852.11007706657
2556,67192.32039902691
2557,68862.75128553345
2558,92272.1757326153
2559,88660.82271190998
2560,95601.86747079676
2561,91561.93919799468
2562,87615.65204730578
2563,97687.37573520723
2564,128848.60269070585
2565,88364.51637061179
2566,98251.43257327011
2567,87988.81805898814
2568,129848.16321747564
2569,140387.2615177137
2570,75838.18310366826
2571,120724.4122292808
2572,101379.82622318738
2573,143753.5194997177
2574,183587.3437031332
2575,87478.66569967211
2576,76129.22022126723
2577,91187.78273084296
2578,52191.260905321906
2579,40383.13856049803
2580,59251.16629951009
2581,65182.192491088004
2582,64379.250681035744
2583,179048.95630142905
2584,111304.80025075132
2585,120777.39255295598
2586,138471.35988104792
2587,129775.40982421413
2588,90815.61153093977
2589,97619.71950968336
2590,138011.34265580506
2591,139111.377893253
2592,134322.3186867144
2593,164248.51644159443
2594,118816.10000426086
2595,133873.51404063206
2596,195408.27839918862
2597,122838.64979923153
2598,182912.4903884404
2599,203818.49022481503
2600,101924.53194236761
2601,98082.79197450902
2602,53466.9999743602
2603,60509.240101200194
2604,56143.486905037775
2605,49869.71344945452
2606,96387.96062739856
2607,130186.27462497252
2608,136106.6268458322
2609,110195.9862242906
2610,68377.99404853678
2611,76252.5824657821
2612,102191.18308402337
2613,85723.04495683582
2614,81511.51715964361
2615,101501.08649616553
2616,92358.10888629635
2617,120998.85587949457
2618,129588.75720778215
2619,119655.0470577357
2620,118606.8772447014
2621,115268.29879215141
2622,116347.53360789249
2623,157740.15050769306
2624,200705.09843431885
2625,186198.91197097595
2626,113056.50743762593
2627,107369.99567208497
2628,304145.1260823514
2629,312909.6142320068
2630,236418.66172790295
2631,312210.38697736483
2632,273764.3931947273
2633,199626.72165887468
2634,273989.78072549135
2635,101909.67043399923
2636,114800.5572284371
2637,118521.27289837014
2638,163644.36285143017
2639,120564.66664253577
2640,100370.30934826419
2641,66037.3493160576
2642,123216.59903710615
2643,66104.29858265314
2644,78846.7631518612
2645,70899.91735104806
2646,63589.804647754805
2647,67293.38051612373
2648,90526.77542491049
2649,94357.66724604234
2650,87226.59004037679
2651,90415.72220769606
2652,261578.34418747987
2653,162691.6935453876
2654,158841.93124803688
2655,260758.7819010928
2656,200041.215249311
2657,226877.120819972
2658,189131.7614594182
2659,192217.84071231296
2660,224305.08044941822
2661,222654.16893886944
2662,228630.8843278859
2663,185683.50736991756
2664,175506.48758314466
2665,213373.39570582262
2666,185516.816032057
2667,109159.52815976313
2668,116009.98424208991
2669,115224.36595518593
2670,175208.22050098976
2671,119573.28476921088
2672,123889.89346981753
2673,129180.94548778748
2674,127242.41597811665
2675,106849.90404632437
2676,126314.146602914
2677,127898.79077210595
2678,156792.90399447962
2679,178719.13148948265
2680,178955.60160601334
2681,264177.95745431853
2682,209947.2870133536
2683,332615.198325298
2684,201210.7615760199
2685,218500.504221693
2686,166026.0683892482
2687,206246.58664590548
2688,136345.45235771156
2689,133224.19651737536
2690,293747.0465257557
2691,122249.64826453326
2692,83830.15765082797
2693,123084.51675418954
2694,82934.94302940744
2695,124781.4703923672
2696,119067.36552020349
2697,122348.98011237584
2698,123562.3817602223
2699,110627.37302299976
2700,104536.1510680624
2701,94812.52319412617
2702,71000.59571334915
2703,78336.84074943901
2704,91166.21522794396
2705,77416.9449923384
2706,74557.3905809971
2707,81449.71808630359
2708,87020.85172618099
2709,66349.1775248389
2710,81194.6970338705
2711,188422.4702719827
2712,252130.480073673
2713,112179.27928760184
2714,96870.57724304701
2715,108991.54252215278
2716,93133.81267936355
2717,123511.84507654673
2718,146666.1922611628
2719,103176.84697836125
2720,112963.87136457485
2721,88711.82017720626
2722,103422.04249290627
2723,92759.67308796702
2724,82683.90101542661
2725,86279.16297618327
2726,98012.95838718228
2727,116879.99933831234
2728,115869.06910834381
2729,97845.35595925666
2730,94843.2885994968
2731,85388.93097676645
2732,84727.84784835565
2733,105321.42187094848
2734,93715.1558233776
2735,89536.34005987624
2736,91390.88297544465
2737,82291.56332961052
2738,86397.11963012905
2739,106513.76612564141
2740,85826.75320959801
2741,96788.30337393054
2742,99765.26540344874
2743,97535.29611486015
2744,105642.74173687249
2745,91674.5368538997
2746,87601.11362334972
2747,92890.43142170792
2748,83016.72928908918
2749,83494.00760118206
2750,86424.08101424013
2751,86362.95848560164
2752,124287.42100455865
2753,94445.09207645956
2754,137701.52598642584
2755,86143.19033013852
2756,57786.452575214855
2757,44126.229793254926
2758,56221.3189453817
2759,104350.73107925786
2760,80125.34731663897
2761,93646.92634182354
2762,95085.6660634524
2763,118489.34251336652
2764,96175.32752196988
2765,184754.12421041587
2766,84112.85464909211
2767,56855.71732147499
2768,83018.5321290132
2769,84896.33344121117
2770,90637.77557752178
2771,71037.10516558756
2772,71449.41436955657
2773,105889.55071002287
2774,91666.37292846259
2775,75872.29650028236
2776,87945.46404771882
2777,94431.81712981689
2778,65166.507556344426
2779,79174.28924854661
2780,61396.776273843876
2781,64197.80799244008
2782,62100.57193626178
2783,64462.76459006542
2784,81704.91931004974
2785,90137.04377333091
2786,40364.11878719319
2787,82395.4274878929
2788,48391.20375292994
2789,109776.88742814373
2790,59964.33344393177
2791,73635.33436442207
2792,34735.970652074466
2793,100436.33349829131
2794,66595.96056322547
2795,80153.76564885033
2796,63351.70881078034
2797,124844.17261225458
2798,67583.14326842049
2799,77387.25088727934
2800,43717.56317566947
2801,70262.1729721853
2802,88162.17479023302
2803,103462.10209614248
2804,83783.59818604312
2805,66526.24908529618
2806,52573.54653835317
2807,102449.66600523211
2808,96962.8179722624
2809,86101.53872754276
2810,84157.62687044409
2811,104579.76780373779
2812,103597.9886597316
2813,98900.12763731173
2814,101693.50112196102
2815,62467.97663998131
2816,153119.616106266
2817,96745.929945585
2818,86616.1217788782
2819,98337.41022033399
2820,88496.8638712061
2821,69726.17317042552
2822,134331.6329357068
2823,200815.15454311122
2824,117602.47097151802
2825,99368.98692530495
2826,84763.66934874248
2827,89025.83905005037
2828,143941.72006259477
2829,141491.27392109126
2830,144521.31959918936
2831,116971.64529473116
2832,160900.91877807688
2833,186166.4459234637
2834,137170.7447132113
2835,138700.9096250856
2836,124667.57602190197
2837,98490.00975757361
2838,96863.6119999302
2839,116524.68945923522
2840,131536.32796863257
2841,132640.51040283887
2842,149448.0058206779
2843,95902.9533194401
2844,107892.97545992557
2845,79302.33944760422
2846,137275.75120849817
2847,129939.63741837343
2848,139363.92719339865
2849,128003.33138374548
2850,176236.83328613476
2851,142139.6252529589
2852,147983.84989375313
2853,156744.05952045572
2854,90163.3809788226
2855,130344.78094034837
2856,129803.3357516082
2857,121500.69395260376
2858,130699.92431940127
2859,75926.09415825235
2860,75675.27279369827
2861,82108.21762219741
2862,122598.41809850428
2863,80880.56406442198
2864,163048.15035303053
2865,89267.87658488266
2866,88527.94258824532
2867,64641.462736981644
2868,63048.460277047605
2869,68628.20583122977
2870,77917.08210756509
2871,51854.697626136265
2872,29270.240084373712
2873,64474.53727368914
2874,89125.07094214672
2875,77426.7303726532
2876,106527.99886069013
2877,92057.13578625885
2878,104641.24440924199
2879,88490.5865898867
2880,65480.933509130075
2881,90975.36748675944
2882,111967.13991756583
2883,129719.48469384857
2884,133180.73387158196
2885,122197.06826363671
2886,150798.38444657074
2887,61059.93110955125
2888,89462.51969790754
2889,35294.98802221244
2890,52726.996554722944
2891,85937.68335701534
2892,26628.858829844812
2893,45774.26270159523
2894,33613.5267151949
2895,202823.66628417023
2896,176600.80844830142
2897,125498.809996281
2898,95239.1176040426
2899,139232.30901079357
2900,105601.21448180245
2901,133069.96997047064
2902,119487.69790030608
2903,223057.7986577975
2904,229567.85983459046
2905,57474.227201337955
2906,129683.1232424048
2907,72132.45357245079
2908,85426.34449252966
2909,98394.09384523427
2910,50132.587674132796
2911,51328.10090312169
2912,93647.46779493325
2913,51487.136427041216
2914,49229.401388568745
2915,53053.136439126916
2916,51842.50941556532
2917,104776.502175159
2918,73619.50022460961
2919,144907.12322133806
